6.4 0 30.9001 -6.4 2 270.899
5.6 0 30.9001 -6.4 2 270.899
5.1 0 30.9001 -6.4 2 270.899
4.5 0 30.9001 -6.4 2 270.899
4.5 0 30.9001 0 -0.5 266.399
3.8 0 30.9001 0 -3.5 260.999
3.1 0 30.9001 0 -8.5 251.999
2.4 0 30.9001 0 -12.5 244.799
1.8 0 30.9001 0 -16.5 237.599
1.7 0 30.9001 0 -21.5 228.599
1.3 0 30.9001 0 -23.5 225
1.3 0 30.9001 0 -27 218.7
1.3 0 30.4001 0 -29.5 214.2
1.3 0 29.8001 0 -32.5 208.8
0.6 0 29.8001 0 -35 202.5
0.1 0 29.8001 0 -35 198
0.1 0 28.8001 0 -35 189
0.1 0 28.4001 0 -35 185.4
0.1 0 27.9001 0 -35 181.8
0.1 0 26.9001 -8 -4 179.1
0.1 0 25.7001 -17.6 -4 179.1
0.1 0 24.5001 -27.2 -4 179.1
0.1 0 23.4001 -8.8 -3 180.9
0.1 0 21.6 -23.2 -3 180.9
0.1 0 20.2 -34.4 -3 180.9
0.1 0 18.5 -48 -3 180.9
0.1 0 16.8 -61.6 -3 180.9
0.1 0 15.4 -72.8 -3 180.9
0.1 0 13.2 -90.4001 -3 180.9
0.1 0 11.3 -105.6 -3 180.9
0.1 0 9.4 -120.8 -3 180.9
0.1 0 7.99999 -132 -3 180.9
0.1 0 6.59999 -143.2 -3 180.9
0.1 0 5 -156 -3 180.9
0.1 0 3.1 -171.2 -3 180.9
0.1 0 1.7 -182.4 -3 180.9
0.1 0 0.199998 -194.4 -3 180.9
0.1 0 -1.4 -207.201 -3 180.9
0.1 0 -3.1 -220.801 -3 180.9
0.1 0 -5 -236.001 -3 180.9
0.1 0 -6.8 -250.401 -3 180.9
0.1 0 -8.4 -263.201 -3 180.9
0.1 0 -9.9 -275.2 -3 180.9
0.1 0 -11.7 -289.6 -3 180.9
0.1 0 -13.2 -301.6 -3 180.9
0.1 0 -14.7 -313.6 -3 180.9
0.1 0 -16 -324 -3 180.9
0.1 0 -17.2 -333.599 -3 180.9
0.1 0 -18.4 -343.199 -3 180.9
0.1 0 -19.7 -353.599 -3 180.9
0.1 0 -19.7 -353.599 -3 180.9
0.1 0 -20.9 -363.199 -3 180.9
0.1 0 -22.5001 -375.999 -3 180.9
0.1 0 -23.7001 -385.599 -3 180.9
0.1 0 -24.6001 -392.799 -3 180.9
0.1 0 -25.7001 0 -1 184.5
0.1 0 -26.5001 0 2.5 190.8
0.1 0 -27.2001 -0.8 6 197.1
-0.3 0 -27.2001 0 9 202.5
-0.7 0 -27.2001 0 11 206.1
-0.7 0 -27.2001 0 14.5 212.4
-0.7 0 -27.7001 0 17 216.9
-1.1 0 -27.7001 0 18.5 219.6
-1.1 0 -28.8001 0 24 229.499
-2.1 0 -29.4001 -0.8 27.5 235.799
-2.7 0 -29.9001 0 30.5 241.199
-3.3 0 -30.5001 -0.8 33 245.699
-3.9 0 -31.1001 0 35 251.999
-4.7 0 -32.0001 -0.8 35 259.199
-4.7 0 -32.0001 0 4 269.099
-3.4 0 -32.2001 -1.6 4 269.099
-2.5 0 -32.2001 -1.6 4 269.099
-1.1 0 -32.2001 -1.6 4 269.099
0.2 0 -32.2001 -1.6 4 269.099
1.4 0 -32.2001 -1.6 4 269.099
2.7 0 -32.2001 -1.6 4 269.099
4 0 -32.2001 -1.6 4 269.099
5.4 0 -32.2001 -1.6 4 269.099
6.5 0 -32.2001 -1.6 4 269.099
5.8 0 -31.6001 0 14.5 287.999
4.8 0 -31.6001 0 17 292.499
4.2 0 -31.6001 0 19.5 296.999
3.5 0 -31.0001 0.8 23 303.299
3 0 -30.4001 0.8 25.5 307.799
1.8 0 -29.7001 1.6 28 312.299
1.4 0 -29.3001 0 35 325.799
0.800001 0 -28.7001 1.6 35 332.099
6.10948e-07 0 -28.1001 0 35 341.099
6.10948e-07 0 -28.1001 0 32.5 349.199
6.10948e-07 0 -27.1001 8 8 359.099
6.10948e-07 0 -25.4001 21.6 8 359.099
6.10948e-07 0 -23.7001 35.2 8 359.099
6.10948e-07 0 -22.5001 44.8 8 359.099
6.10948e-07 0 -21 56.8 8 359.099
6.10948e-07 0 -19.5 68.8 8 359.099
6.10948e-07 0 -18.2 79.2 8 359.099
6.10948e-07 0 -16.7 91.2001 8 359.099
6.10948e-07 0 -15.3 102.4 8 359.099
6.10948e-07 0 -13.8 114.4 8 359.099
6.10948e-07 0 -12.3 126.4 8 359.099
6.10948e-07 0 -10.9 137.6 8 359.099
6.10948e-07 0 -8.8 154.4 8 359.099
6.10948e-07 0 -8.8 154.4 8 359.099
6.10948e-07 0 -7.7 8.8 8.5 359.999
6.10948e-07 0 -6.6 17.6 8.5 359.999
6.10948e-07 0 -5.3 28 8.5 359.999
6.10948e-07 0 -3.9 39.2 8.5 359.999
6.10948e-07 0 -2.8 48 8.5 359.999
6.10948e-07 0 -1 62.4 8.5 359.999
6.10948e-07 0 0.299998 72.8 8.5 359.999
6.10948e-07 0 2 86.4 8.5 359.999
6.10948e-07 0 3.1 95.2001 8.5 359.999
6.10948e-07 0 4.5 106.4 8.5 359.999
6.10948e-07 0 5.7 116 8.5 359.999
6.10948e-07 0 7.29999 128.8 8.5 359.999
6.10948e-07 0 8.7 140 8.5 359.999
6.10948e-07 0 10.1 151.2 8.5 359.999
6.10948e-07 0 11.6 163.2 8.5 359.999
6.10948e-07 0 13.2 176 8.5 359.999
6.10948e-07 0 15 190.4 8.5 359.999
6.10948e-07 0 16.3 200.8 8.5 359.999
6.10948e-07 0 17.5 210.401 8.5 359.999
6.10948e-07 0 18.9 221.601 8.5 359.999
6.10948e-07 0 20.6 235.201 8.5 359.999
6.10948e-07 0 21.9 245.601 8.5 359.999
6.10948e-07 0 22.7 252.001 8.5 359.999
6.10948e-07 0 22.7 252.001 8.5 359.999
6.10948e-07 0 23.9001 261.601 8.5 359.999
6.10948e-07 0 25.1001 0 12 366.299
0.100001 0 25.8001 1.6 14.5 370.799
0.100001 0 26.3001 0 17.5 376.198
0.100001 0 26.7001 0 20 380.698
0.600001 0 27.2001 4 20 380.698
0.700001 0 27.6001 0 22 384.298
0.700001 0 28.1001 0.8 24.5 388.798
1.4 0 28.6001 0 27.5 394.198
1.9 0 29.2001 0 29.5 397.798
2.1 0 30.1001 0 32 402.298
2.6 0 30.6001 4 30.5 399.598
3.3 0 31.2001 8.8 30.5 399.598
3.6 0 31.6001 12 30.5 399.598
4.2 0 32.1001 16 30.5 399.598
6.4 0 30.9001 -6.4 2 270.899
6.4 0 30.9001 -6.4 2 270.899
2.20004 0 31.6018 5.6 35.0012 395.103
2.90004 0 32.3018 0 35.0012 399.603
3.40003 0 32.7017 1.6 35.0012 403.202
4.30003 0 33.5017 0.8 35.0012 409.502
4.60003 0 34.5017 0 35.0012 413.102
5.10003 0 34.9017 0 35.0012 417.602
5.80003 0 35.5017 0 35.0012 422.102
6.50003 0 36.1017 1.6 35.0012 427.502
7.30003 0 36.8017 0 35.0012 435.602
7.90003 0 37.4017 0 35.0012 441.902
8.60003 0 37.9017 0 35.0012 447.302
9.00003 0 38.3017 1.6 35.0012 450.902
8.30003 0 38.3017 0 7.00125 450.002
7.00003 0 38.3017 0 7.00125 450.002
5.80003 0 38.3017 0 7.00125 450.002
4.60003 0 38.3017 0 7.00125 450.002
3.80003 0 38.3017 0 7.00125 450.002
2.70004 0 38.3017 0 7.00125 450.002
1.30004 0 38.3017 0 7.00125 450.002
0.600036 0 38.3017 0 7.00125 450.002
0.600036 0 38.3017 0 7.00125 450.002
